====== camera0 ======
fx: 0.0, fy: 0.0, cx: 0.0, cy: 0.0
k1: 0.0, k2: 0.0, k3: 0.0, k4: 0.0
====== camera1 ======
fx: 731.1032525003795, fy: 730.9249466358481, cx: 966.7085572341889, cy: 573.5862389284215
k1: -0.03355328366160393, k2: 0.004867563955485821, k3: -0.005857313517481089, k4: 0.0013846828369423747
====== camera2 ======
fx: 732.680667905142, fy: 732.4839485054657, cx: 991.0691619570985, cy: 555.7175259966303
k1: -0.03202316164970398, k2: 0.0024922846350818872, k3: -0.0032410493586212397, k4: 0.0003616517933551222
====== camera3 ======
fx: 731.1998577216273, fy: 730.9830807383164, cx: 1004.886727312507, cy: 592.1680961206317
k1: -0.03191882371902466, k2: -0.00042949742055498064, k3: -8.169791544787586e-05, k4: -0.0005866361316293478
====== camera4 ======
fx: 731.1021087094125, fy: 730.9124915326945, cx: 915.568088957381, cy: 569.9391297593968
k1: -0.0329938605427742, k2: 0.003531088586896658, k3: -0.00445188395678997, k4: 0.0009467657073400915



====== camera0 ======
fx: 731.1032525003795, fy: 730.9249466358481, cx: 966.7085572341889, cy: 573.5862389284215
k1: -0.03355328366160393, k2: 0.004867563955485821, k3: -0.005857313517481089, k4: 0.0013846828369423747
Rotation: [[ 4.4408921e-16 -1.0000000e+00  0.0000000e+00]
 [ 1.0000000e+00  4.4408921e-16  0.0000000e+00]
 [ 0.0000000e+00  0.0000000e+00  1.0000000e+00]]
 Translation: [0.0, 0.0, 0.048999999999999974]
====== camera1 ======
fx: 732.680667905142, fy: 732.4839485054657, cx: 991.0691619570985, cy: 555.7175259966303
k1: -0.03202316164970398, k2: 0.0024922846350818872, k3: -0.0032410493586212397, k4: 0.0003616517933551222
Rotation: [[ 0.01254569 -0.30804917  0.95128771]
 [ 0.99989257  0.01107704 -0.00959969]
 [-0.00758028  0.95130595  0.30815505]]
 Translation: [0.05061721737934653, -0.0013210304626129904, 0.011688388698632451]
====== camera2 ======
fx: 731.1021087094125, fy: 730.9124915326945, cx: 915.568088957381, cy: 569.9391297593968
k1: -0.0329938605427742, k2: 0.003531088586896658, k3: -0.00445188395678997, k4: 0.0009467657073400915
Rotation: [[-1.43268041e-03  8.07601071e-01 -5.89727443e-01]
 [ 9.99997449e-01  1.27368536e-04 -2.25496338e-03]
 [-1.74599812e-03 -5.89729170e-01 -8.07599194e-01]]
 Translation: [-0.033234043247197545, -0.0009493150948263543, -0.04654819650638413]
====== camera3 ======
fx: 731.1998577216273, fy: 730.9830807383164, cx: 1004.886727312507, cy: 592.1680961206317
k1: -0.03191882371902466, k2: -0.00042949742055498064, k3: -8.169791544787586e-05, k4: -0.0005866361316293478
Rotation: [[ 0.0020218   0.80917192  0.58756848]
 [ 0.99997737  0.00213428 -0.00638012]
 [-0.00641665  0.58756808 -0.80914929]]
 Translation: [0.029974785427917004, -0.0024943795207481457, -0.04839813126297756]
====== camera4 ======
fx: 732.7838379773248, fy: 732.5865772750377, cx: 957.7709459764353, cy: 552.8338596117109
k1: -0.033120494335889816, k2: 0.004138920921832323, k3: -0.005619029048830271, k4: 0.001362779294140637
Rotation: [[ 0.011584   -0.31367547 -0.94945959]
 [ 0.99980089  0.01906217  0.00590058]
 [ 0.01624789 -0.94933889  0.31383383]]
 Translation: [-0.05150751477487542, -0.00032308874526496, 0.013112861621995818]


2024-06-17 18:41:49,874 - INFO - Robot powered on.
create camera client
====== camera0 ======
fx: 731.1032525003795, fy: 730.9249466358481, cx: 966.7085572341889, cy: 573.5862389284215
k1: -0.03355328366160393, k2: 0.004867563955485821, k3: -0.005857313517481089, k4: 0.0013846828369423747
Rotation: [[ 4.4408921e-16 -1.0000000e+00  0.0000000e+00]
 [ 1.0000000e+00  4.4408921e-16  0.0000000e+00]
 [ 0.0000000e+00  0.0000000e+00  1.0000000e+00]]
 Translation: [0.0, 0.0, 0.048999999999999974]
====== camera1 ======
fx: 732.680667905142, fy: 732.4839485054657, cx: 991.0691619570985, cy: 555.7175259966303
k1: -0.03202316164970398, k2: 0.0024922846350818872, k3: -0.0032410493586212397, k4: 0.0003616517933551222
Rotation: [[ 0.01254569 -0.30804917  0.95128771]
 [ 0.99989257  0.01107704 -0.00959969]
 [-0.00758028  0.95130595  0.30815505]]
 Translation: [0.05061721737934653, -0.0013210304626129904, 0.011688388698632451]
====== camera2 ======
fx: 731.1021087094125, fy: 730.9124915326945, cx: 915.568088957381, cy: 569.9391297593968
k1: -0.0329938605427742, k2: 0.003531088586896658, k3: -0.00445188395678997, k4: 0.0009467657073400915
Rotation: [[-1.43268041e-03  8.07601071e-01 -5.89727443e-01]
 [ 9.99997449e-01  1.27368536e-04 -2.25496338e-03]
 [-1.74599812e-03 -5.89729170e-01 -8.07599194e-01]]
 Translation: [-0.033234043247197545, -0.0009493150948263543, -0.04654819650638413]
====== camera3 ======
fx: 731.1998577216273, fy: 730.9830807383164, cx: 1004.886727312507, cy: 592.1680961206317
k1: -0.03191882371902466, k2: -0.00042949742055498064, k3: -8.169791544787586e-05, k4: -0.0005866361316293478
Rotation: [[ 0.0020218   0.80917192  0.58756848]
 [ 0.99997737  0.00213428 -0.00638012]
 [-0.00641665  0.58756808 -0.80914929]]
 Translation: [0.029974785427917004, -0.0024943795207481457, -0.04839813126297756]
====== camera4 ======
fx: 732.7838379773248, fy: 732.5865772750377, cx: 957.7709459764353, cy: 552.8338596117109
k1: -0.033120494335889816, k2: 0.004138920921832323, k3: -0.005619029048830271, k4: 0.001362779294140637
Rotation: [[ 0.011584   -0.31367547 -0.94945959]
 [ 0.99980089  0.01906217  0.00590058]
 [ 0.01624789 -0.94933889  0.31383383]]
 Translation: [-0.05150751477487542, -0.00032308874526496, 0.013112861621995818]
====== Average Intrinsics Matrix ======
[731.7739449627773, 0, 967.2006962875221]
[0, 731.5782089374724, 568.8489700833583]
[0, 0, 1]
====== Average Distortion Coefficients ======
[[-0.03272192478179932, 0.0029200721357483415, -0.003850194759434089, 0.0006938487000297755]]
